chr1:469133 469133 3629 0.050000 0.000000 0.003806 -inf
chr1:469580 469580 3635 0.050000 0.000000 0.003608 -inf
chr1:472105 472105 3652 0.100000 0.016573 0.003346 0.694900
chr1:485630 485630 3780 0.050000 0.000000 0.002224 -inf
